!------------------------------------------------------------------------------!
!    VVER-1000 2 Group Model for Unit 3 of  Kalinin NPP                        !
!      (c) Slava 12 May 2005    MEPhI    Fresh Core                            !
!------------------------------------------------------------------------------!
CNT_RCT_POWR ## REACTOR POWER (MWt)

 200

CNT_RCT_TYPE ## REACTOR TYPE

 "PWR"

XS_DIFF_FLAG

  1 ## Parameter 1 - Diffusion Coefficient, 0 - 3*Transport XS

XS_NEUT_SPEC

 1.0 0.0 ## xp(NG)

XS_POWR_CONV

 3.204E-11 3.204E-11 ## pow_conv

GMT_CRD_TYPE # Coordinate System ("XYZ" or "HEX-Z")

 "HEXZ"

GMT_NUM_BNDL ## Numbering of the reactor assdemblies (bundles)

 1 9     #1
 1 10    #2
 1 11    #3
 1 12    #4
 1 13    #5
 1 14    #6
 1 15    #7
 1 16    #8
 1 17    #9
 2 17    #10
 3 17    #11
 4 17    #12
 5 17    #13
 6 17    #14
 7 17    #15
 8 17    #16
 9 17    #17


GMT_MSH_RDIR ## Spatial Mesh for HEX Geometry

 9.6  # размер под ключ ТВС в см

GMT_MSH_ZDIR # Spatial Mesh in Z direction

  1 30.
  1 12. 1 12. 1 12. 1 12. 1 12.
  1 12. 1 12. 1 12. 1 12. 1 12.
  1 30. # npz(NZR),hz(NZR)

GMT_COR_LOAD ## Core Loading with Bundle Types


            5 5 5 5 5 5 5 5 5
           5 5 5 5 5 5 5 5 5 5
          5 5 5 4 2 2 4 2 5 5 5
         5 5 2 2 2 2 2 2 2 2 5 5
        5 5 2 2 2 2 2 2 2 3 2 5 5
       5 5 2 2 2 2 2 2 2 2 3 2 5 5
      5 5 2 3 2 2 1 1 1 2 2 2 2 5 5
     5 5 2 3 2 2 1 1 1 1 2 2 2 2 5 5
    5 5 5 2 2 2 1 1 1 1 1 2 2 2 5 5 5
     5 5 2 2 2 2 1 1 1 1 2 2 2 2 5 5
      5 5 2 2 2 2 1 1 1 2 2 2 2 5 5
       5 5 2 2 2 2 2 2 2 2 2 2 5 5
        5 5 4 2 2 2 2 2 2 2 2 5 5
         5 5 2 2 3 3 2 2 2 2 5 5
          5 5 5 2 2 2 2 4 5 5 5
           5 5 5 5 5 5 5 5 5 5      
            5 5 5 5 5 5 5 5 5      

 5 10*6 5   ## nb = 1  1-ТВС центральной зоны      
 5 10*7 5   ## nb = 2  2-ТВС переферийной зоны     
 5 10*8 5   ## nb = 3  3-ТВС со стержнем АЗ       
 5 10*4 5   ## nb = 4  4-ТВС с пустым каналом      
 5 10*6 5   ## nb = 5  5-отражатель                
                    

GMT_BND_COND ## Boundary Conditions

 1 1  1 1  1 1 ## type of boubdary condition (radial Ext. Dist. - 0, Log. Der. - 1)
 0. 0.  0. 0.  0. 0.  0. 0.  0. 0.  0. 0.  
 1 1 ## type of the axial boundary conditions                                       
 0. 0.  0. 0.  ## bound. condit. (axial Ext.Dist.-0, Log.Der.-1)


XS_NEUT_VELC

1.e7 1.e5 ## prompt newtron velocity, cm/s          

XS_BASE_DATA ## Basic set of the Macro Cross Section Data

1.417826         0.1369705E-01        0.1068450E-01         0.4281815E-02
0.4169210       0.1710674                0.2086025                 0.8577391E-01

0.4489828                 0.1011452E-03
0.1143224E-01          0.8348997                   1          0.979874    0.0


1.419892             0.1404572E-01        0.1148696E-01            0.4609234E-02
0.4149762           0.1772716                0.2222855                    0.9140014E-01

0.4483400             0.1042858E-03
0.1119405E-01      0.8323157             2           1.01118               0.0



1.421777          0.1542450E-01         0.1137278E-01      0.4559566E-02
0.4205720        0.1836324                0.2278527               0.9368931E-01

0.4424848                0.1068793E-03
0.1032089E-01          0.8049430             3          0.939089         0.0



1.438582          0.1327858E-01        0.1157448E-01           0.4646874E-02
0.4475930       0.1678617                0.2193710                    0.9020176E-01

0.4389911                 0.9926542E-04
0.1116484E-01        0.7887949                4           1.07038              0.0


1.277350                0.2241367E-03         0.0     0.0
0.2652828             0.8693115E-02         0.0       0.0

0.6810687                    0.1170542E-04
0.6191188E-01              1.674584          5            0.0        0.0

 
1.442178            0.1286826E-01           0.1073163E-01          0.4301778E-02
0.4181878          0.1576578                  0.2009958                 0.8264614E-01

0.4452187                0.9444208E-04
0.1195392E-01           0.8467387                6          1.04624        0.0



  1.444260              0.1322113E-01            0.1153643E-01         0.4630173E-02
0.4164467              0.1630437                  0.2135684                  0.8781579E-01

0.4445856               0.9720521E-04
0.1171184E-01         0.8445848                           7       1.07793         0.0



1.422172            0.1344723E-01        0.1174046E-01           0.4712488E-02
0.4144078         0.1717883                0.2248828                   0.9246811E-01

0.4479889                   0.1020443E-03
0.1165664E-01            0.8413922                    8      1.07546           0.0





























1.227625             0.2697776E-01        0.1006361E-01        0.3999944E-02
0.3042039          0.2349750                0.2629775                0.1081320

0.5326820               0.1458579E-03
0.1025493E-01      1.159145                     9                        0.578448



1.195313        0.1460185E-01      0.1221383E-01      0.4899445E-02
0.3179431      0.1908335               0.2503403             0.1029358 

0.5566648                0.1280322E-03
0.1807053E-01       1.175959                  10               1.09930























