
!------------------------------------------------------------------------------!
!    VVER-1000 2 Group Model for Unit 3 of  Kalinin NPP                        !
!      (c) Slava 12 May 2005    MEPhI    Fresh Core                            !
!------------------------------------------------------------------------------!
CNT_RCT_POWR ## REACTOR POWER (MWt)

 128.533

CNT_RCT_TYPE ## REACTOR TYPE

 "PWR"

XS_DIFF_FLAG

  1 ## Parameter 1 - Diffusion Coefficient, 0 - 3*Transport XS

XS_NEUT_SPEC

 1.0 0.0 ## xp(NG)

XS_POWR_CONV

 3.204E-11 3.204E-11 ## pow_conv

GMT_CRD_TYPE # Coordinate System ("XYZ" or "HEX-Z")

 "HEXZ"

GMT_NUM_BNDL ## Numbering of the reactor assdemblies (bundles)

 1 9     #1
 1 10    #2
 1 11    #3
 1 12    #4
 1 13    #5
 1 14    #6
 1 15    #7
 1 16    #8
 1 17    #9
 2 17    #10
 3 17    #11
 4 17    #12
 5 17    #13
 6 17    #14
 7 17    #15
 8 17    #16
 9 17    #17


GMT_MSH_RDIR ## Spatial Mesh for HEX Geometry

 9.6  # размер под ключ ТВС в см

GMT_MSH_ZDIR # Spatial Mesh in Z direction

  1 98
  1 13. 1 13. 1 13. 1 13. 1 13.
  1 13. 1 13. 1 13.
  1 13. 1 13.
  1 98 # npz(NZR),hz(NZR)

GMT_COR_LOAD ## Core Loading with Bundle Types


            5 5 5 5 5 5 5 5 5
           5 5 5 5 5 5 5 5 5 5
          5 5 5 2 2 2 2 2 5 5 5
         5 5 2 2 2 2 2 2 2 4 5 5
        5 5 2 2 2 2 2 2 2 2 2 5 5
       5 5 2 2 2 2 2 2 2 2 2 2 5 5
      5 5 2 3 2 2 1 1 1 2 2 3 2 5 5
     5 5 2 3 2 2 1 1 1 1 2 2 3 2 5 5
    5 5 5 2 2 2 1 1 1 1 1 2 2 2 5 5 5
     5 5 2 2 2 2 1 1 1 1 2 2 2 2 5 5
      5 5 4 2 2 2 1 1 1 2 2 2 4 5 5
       5 5 2 2 2 2 2 2 2 2 2 2 5 5
        5 5 2 2 2 2 2 2 2 2 2 5 5
         5 5 4 2 2 2 3 3 2 2 5 5
          5 5 5 2 2 2 2 2 5 5 5
           5 5 5 5 5 5 5 5 5 5      
            5 5 5 5 5 5 5 5 5        

 5 10*1 5   ## nb = 1  1-ТВС центральной зоны      
 5 10*2 5   ## nb = 2  2-ТВС переферийной зоны     
 5 10*7 5   ## nb = 3  3-ТВС со стержнем АЗ       
 5 10*4 5   ## nb = 4  4-ТВС с пустым каналом      
 5 10*5 5   ## nb = 5  5-отражатель                
                    
                
GMT_BND_COND ## Boundary Conditions

 1 1  1 1  1 1 ## type of boubdary condition (radial Ext. Dist. - 0, Log. Der. - 1)
 0. 0.  0. 0.  0. 0.  0. 0.  0. 0.  0. 0.  
 1 1 ## type of the axial boundary conditions                                       
 1 1  1 1  ## bound. condit. (axial Ext.Dist.-0, Log.Der.-1)


XS_NEUT_VELC

1.e7 1.e5 ## prompt newtron velocity, cm/s          

XS_BASE_DATA ## Basic set of the Macro Cross Section Data

1.254121           0.1156626E-01               0.1374620E-01                 0.5489701E-02
0.3508661          0.1642247                   0.2258844                     0.9060735E-01

0.5201614        0.9465502E-04  
0.1521973E-01    1.031135                     1               1.2946           0.0
1.253097           0.1135290E-01               0.1327256E-01                 0.5300972E-02
0.3513864          0.1607755                   0.2174982                     0.8724345E-01

0.5204089        0.9325284E-04  
0.1537000E-01    1.033852                     2               1.2746           0.0
1.243539           0.1778072E-01               0.1108313E-01                 0.4422557E-02
0.3712410          0.1826038                   0.2362474                     0.9476420E-01

0.4848707        0.9869732E-04  
0.1007895E-01    0.9072984                    3               0.86573           0.0
1.289505           0.1059332E-01               0.1207174E-01                 0.4822689E-02
0.4235906          0.1519261                   0.2071285                     0.8308393E-01

0.4807164        0.8358692E-04  
0.1223887E-01    0.8511862                    4               1.2594           0.0
1.404258           0.3398591E-03               0.00000000000                 0.00000000000
0.2057301          0.1208243E-01               0.00000000000                 0.00000000000

0.6698579        0.9190240E-05  
0.4380985E-01    2.324903                     5               0.013654           0.0
1.230895           0.1726587E-01               0.1218518E-01                 0.4862624E-02
0.3685978          0.1885622                   0.2465672                     0.9890369E-01

0.5027505        0.1013334E-03  
0.1069454E-01    0.9157669                    6               0.93581           0.0
1.230354           0.1710929E-01               0.1182173E-01                 0.4718086E-02
0.3690562          0.1860260                   0.2395654                     0.9609509E-01

0.5030361        0.1004987E-03  
0.1079309E-01    0.9173943                    7               0.92168           0.0

1.202855                 0.1427303E-01             0.1231172E-01                0.4938368E-02
0.3138439               0.1904504                     0.2522641                       0.1037269

0.5570224                          0.1260717E-03
0.1821472E-01                    1.195485                    8                     1.12153           0.0



1.227625             0.2697776E-01        0.1006361E-01        0.3999   944E-02
0.3042039          0.2349750                0.2629775                0.1081320

0.5326820               0.1458579E-03
0.1025493E-01      1.159145                     9                        0.578448



1.195313        0.1460185E-01      0.1221383E-01      0.4899445E-02
0.3179431      0.1908335               0.2503403             0.1029358 

0.5566648                0.1280322E-03
0.1807053E-01       1.175959                  10               1.09930

