  8.4050886E-02  4.0996723E-02  0.4529901      0.1528192       1.415631    
  0.3431967       1.431761      0.2708318      0.8846570      5.4700833E-02
  0.8757542      0.1693290      0.2946284       1.670620      6.2142790E-05
  3.7286945E-03  8.0195274E-03   1.705108      6.2785475E-05  3.6199824E-03
  3.2679327E-02   11.48479      6.2765583E-05  3.7518337E-03  9.4805241E-02
  0.2672576      0.0000000E+00  0.0000000E+00  0.0000000E+00  0.0000000E+00
  0.0000000E+00  0.0000000E+00  0.0000000E+00  0.0000000E+00  0.0000000E+00
  0.0000000E+00  0.2668581      0.7660048      0.0000000E+00  0.0000000E+00
  0.0000000E+00  0.0000000E+00  0.0000000E+00  0.0000000E+00  0.0000000E+00
  0.0000000E+00  0.0000000E+00  0.0000000E+00   12.64550      0.0000000E+00
  7.1054956E-06   11.90435      0.4865817      3.8572008E-04  2.9244774E-04
   1.151493      0.2417600      0.0000000E+00  2.1090673E-07  0.1086512    
  0.5032592      3.4417911E-04  4.3993015E-04   1.139208      0.2152925    
  0.0000000E+00  1.0012915E-06  0.2049819      0.5008882      3.6280139E-04
  3.8023581E-04   1.153756      2.0031810E-09  7.2980608E-11  1.8582862E-09
  1.5532063E-10  4.8006499E-10  1.7767116E-11  5.0790944E-10  4.6682831E-11
  3.4345907E-10  3.7636413E-12  3.8417380E-10  3.2095184E-11
